20
6
0 1 1 4 1 3
1 0 2 1 4 2
1 2 0 3 2 4
4 1 3 0 4 4
1 4 2 4 0 5
3 2 4 4 5 0
21
0 34 10 25 99 15 58 17 77 34 35 10 54 90 86 21 3 30 19 80 48
34 0 63 5 1 23 74 76 96 13 10 65 6 6 67 30 18 46 64 4 37
10 63 0 72 41 99 15 19 5 62 25 4 8 10 63 89 70 87 1 70 50
25 5 72 0 29 35 96 2 100 82 11 34 5 6 9 10 18 40 19 45 1
99 1 41 29 0 52 16 42 51 17 4 4 4 29 30 60 72 56 41 1 45
15 23 99 35 52 0 29 1 50 61 62 98 95 50 19 21 7 73 3 70 75
58 74 15 96 16 29 0 54 76 8 3 8 49 25 10 67 1 68 15 47 10
17 76 19 2 42 1 54 0 1 10 43 75 51 11 17 78 9 45 78 50 1
77 96 5 100 51 50 76 1 0 89 16 2 70 71 45 15 60 57 7 52 89
34 13 62 82 17 61 8 10 89 0 57 76 5 35 92 9 9 14 62 96 17
35 10 25 11 4 62 3 43 16 57 0 92 70 39 57 12 7 40 66 34 12
10 65 4 34 4 98 8 75 2 76 92 0 21 96 23 72 88 11 11 19 53
54 6 8 5 4 95 49 51 70 5 70 21 0 96 84 8 48 82 10 70 37
90 6 10 6 29 50 25 11 71 35 39 96 96 0 1 3 69 48 78 26 79
86 67 63 9 30 19 10 17 45 92 57 23 84 1 0 48 48 53 75 90 3
21 30 89 10 60 21 67 78 15 9 12 72 8 3 48 0 56 29 21 6 25
3 18 70 18 72 7 1 9 60 9 7 88 48 69 48 56 0 67 8 22 47
30 46 87 40 56 73 68 45 57 14 40 11 82 48 53 29 67 0 46 53 70
19 64 1 19 41 3 15 78 7 62 66 11 10 78 75 21 8 46 0 13 48
80 4 70 45 1 70 47 50 52 96 34 19 70 26 90 6 22 53 13 0 82
48 37 50 1 45 75 10 1 89 17 12 53 37 79 3 25 47 70 48 82 0
21
0 29 2 53 20 3 6 74 11 1 35 89 4 21 44 87 55 68 85 91 90
29 0 58 6 78 8 15 18 65 36 94 1 55 80 97 9 46 8 77 28 80
2 58 0 77 97 5 32 12 43 96 20 99 28 98 73 32 39 7 20 95 7
53 6 77 0 9 49 10 7 14 40 20 90 48 6 4 21 40 26 61 53 5
20 78 97 9 0 82 21 4 1 73 39 34 66 19 3 66 2 14 70 8 51
3 8 5 49 82 0 77 53 2 84 85 93 77 69 5 85 4 59 28 33 3
6 15 32 10 21 77 0 11 59 90 3 61 5 64 86 97 37 9 78 56 99
74 18 12 7 4 53 11 0 7 19 31 56 29 4 53 77 10 45 85 1 19
11 65 43 14 1 2 59 7 0 57 64 1 37 27 1 97 2 69 84 97 6
1 36 96 40 73 84 90 19 57 0 3 58 50 5 100 57 80 6 32 33 72
35 94 20 20 39 85 3 31 64 3 0 53 10 60 57 40 3 75 20 49 46
89 1 99 90 34 93 61 56 1 58 53 0 28 18 78 69 5 69 95 70 5
4 55 28 48 66 77 5 29 37 50 10 28 0 73 4 54 37 55 79 7 6
21 80 98 6 19 69 64 4 27 5 60 18 73 0 25 81 90 7 10 54 48
44 97 73 4 3 5 86 53 1 100 57 78 4 25 0 38 16 23 91 12 34
87 9 32 21 66 85 97 77 97 57 40 69 54 81 38 0 8 40 46 26 60
55 46 39 40 2 4 37 10 2 80 3 5 37 90 16 8 0 32 23 10 34
68 8 7 26 14 59 9 45 69 6 75 69 55 7 23 40 32 0 60 8 32
85 77 20 61 70 28 78 85 84 32 20 95 79 10 91 46 23 60 0 55 59
91 28 95 53 8 33 56 1 97 33 49 70 7 54 12 26 10 8 55 0 20
90 80 7 5 51 3 99 19 6 72 46 5 6 48 34 60 34 32 59 20 0
21
0 3 36 13 78 5 7 3 37 49 37 46 63 6 58 33 32 4 14 37 41
3 0 91 98 23 23 6 9 38 54 59 53 92 64 5 69 100 37 21 19 10
36 91 0 46 24 3 55 80 3 6 5 7 74 7 12 33 79 58 3 66 32
13 98 46 0 17 20 7 97 4 10 17 48 8 78 53 22 75 12 79 2 48
78 23 24 17 0 24 9 61 88 34 2 81 3 26 29 5 92 96 33 83 96
5 23 3 20 24 0 61 88 68 53 29 38 13 5 96 9 85 3 42 25 71
7 6 55 7 9 61 0 30 73 66 7 11 56 42 7 5 8 22 5 96 36
3 9 80 97 61 88 30 0 1 92 61 10 50 93 1 80 5 57 95 17 78
37 38 3 4 88 68 73 1 0 93 7 52 87 7 51 62 28 59 8 94 10
49 54 6 10 34 53 66 92 93 0 92 50 69 59 18 95 87 14 23 92 34
37 59 5 17 2 29 7 61 7 92 0 25 80 60 10 51 46 11 3 88 19
46 53 7 48 81 38 11 10 52 50 25 0 57 2 26 8 26 22 1 75 1
63 92 74 8 3 13 56 50 87 69 80 57 0 55 52 63 58 54 5 77 29
6 64 7 78 26 5 42 93 7 59 60 2 55 0 1 91 9 19 4 2 72
58 5 12 53 29 96 7 1 51 18 10 26 52 1 0 14 7 7 69 4 32
33 69 33 22 5 9 5 80 62 95 51 8 63 91 14 0 66 47 44 67 5
32 100 79 75 92 85 8 5 28 87 46 26 58 9 7 66 0 27 16 38 3
4 37 58 12 96 3 22 57 59 14 11 22 54 19 7 47 27 0 76 75 4
14 21 3 79 33 42 5 95 8 23 3 1 5 4 69 44 16 76 0 89 97
37 19 66 2 83 25 96 17 94 92 88 75 77 2 4 67 38 75 89 0 13
41 10 32 48 96 71 36 78 10 34 19 1 29 72 32 5 3 4 97 13 0
21
0 42 22 5 56 5 15 70 6 20 10 3 82 3 27 79 52 88 69 98 76
42 0 3 3 81 77 10 86 46 26 17 9 10 10 50 24 1 84 5 1 70
22 3 0 8 2 17 47 3 36 1 69 11 53 10 84 1 7 74 12 35 8
5 3 8 0 75 6 97 40 68 8 87 7 49 16 10 73 61 61 14 33 59
56 81 2 75 0 44 76 8 57 55 2 8 46 5 7 65 7 95 69 26 94
5 77 17 6 44 0 1 53 90 30 8 47 26 2 3 56 17 71 12 9 96
15 10 47 97 76 1 0 60 53 6 38 5 49 18 68 78 22 31 8 3 46
70 86 3 40 8 53 60 0 5 66 68 48 9 57 19 2 15 7 81 14 86
6 46 36 68 57 90 53 5 0 74 1 70 12 76 43 38 9 52 5 34 79
20 26 1 8 55 30 6 66 74 0 45 9 1 56 4 52 81 96 43 85 7
10 17 69 87 2 8 38 68 1 45 0 58 57 82 63 84 94 42 13 8 5
3 9 11 7 8 47 5 48 70 9 58 0 4 3 25 14 13 78 21 56 53
82 10 53 49 46 26 49 9 12 1 57 4 0 10 2 17 71 59 54 10 95
3 10 10 16 5 2 18 57 76 56 82 3 10 0 1 17 1 68 5 16 3
27 50 84 10 7 3 68 19 43 4 63 25 2 1 0 72 84 2 30 1 51
79 24 1 73 65 56 78 2 38 52 84 14 17 17 72 0 66 8 63 6 21
52 1 7 61 7 17 22 15 9 81 94 13 71 1 84 66 0 45 6 22 9
88 84 74 61 95 71 31 7 52 96 42 78 59 68 2 8 45 0 9 98 2
69 5 12 14 69 12 8 81 5 43 13 21 54 5 30 63 6 9 0 70 22
98 1 35 33 26 9 3 14 34 85 8 56 10 16 1 6 22 98 70 0 91
76 70 8 59 94 96 46 86 79 7 5 53 95 3 51 21 9 2 22 91 0
21
0 23 55 65 7 16 39 8 11 4 58 98 96 7 6 91 45 80 33 6 33
23 0 83 3 88 8 38 8 1 86 9 7 56 25 17 23 64 90 68 1 8
55 83 0 8 60 79 8 89 7 74 65 42 1 17 45 6 28 5 62 31 41
65 3 8 0 28 32 68 7 59 68 12 5 3 26 1 6 61 4 53 10 59
7 88 60 28 0 1 52 76 56 10 52 71 6 7 3 83 4 9 95 14 10
16 8 79 32 1 0 7 71 9 3 1 32 71 61 2 8 7 40 57 1 8
39 38 8 68 52 7 0 2 64 78 11 7 47 34 7 33 97 75 3 9 84
8 8 89 7 76 71 2 0 51 93 4 22 42 92 1 70 41 1 1 14 21
11 1 7 59 56 9 64 51 0 78 14 16 4 9 83 14 26 7 96 6 5
4 86 74 68 10 3 78 93 78 0 69 9 10 56 2 10 9 76 29 50 44
58 9 65 12 52 1 11 4 14 69 0 70 94 7 61 10 86 37 31 82 7
98 7 42 5 71 32 7 22 16 9 70 0 82 4 1 86 71 1 26 73 2
96 56 1 3 6 71 47 42 4 10 94 82 0 12 4 84 4 3 9 80 71
7 25 17 26 7 61 34 92 9 56 7 4 12 0 73 45 87 65 58 50 84
6 17 45 1 3 2 7 1 83 2 61 1 4 73 0 29 95 80 8 38 76
91 23 6 6 83 8 33 70 14 10 10 86 84 45 29 0 83 9 13 85 65
45 64 28 61 4 7 97 41 26 9 86 71 4 87 95 83 0 27 1 10 19
80 90 5 4 9 40 75 1 7 76 37 1 3 65 80 9 27 0 56 2 6
33 68 62 53 95 57 3 1 96 29 31 26 9 58 8 13 1 56 0 6 85
6 1 31 10 14 1 9 14 6 50 82 73 80 50 38 85 10 2 6 0 9
33 8 41 59 10 8 84 21 5 44 7 2 71 84 76 65 19 6 85 9 0
21
0 1 83 29 8 68 42 1 5 59 5 63 2 7 8 50 57 53 90 6 3
1 0 52 7 43 65 1 56 6 66 3 80 47 14 4 1 86 2 9 4 34
83 52 0 55 29 16 59 10 6 62 42 6 31 70 10 83 27 3 3 67 6
29 7 55 0 1 79 5 56 82 71 71 45 77 54 65 95 5 9 33 33 2
8 43 29 1 0 39 95 6 6 10 4 82 34 8 6 60 7 96 7 47 32
68 65 16 79 39 0 56 8 76 5 66 17 7 6 10 8 34 24 5 72 47
42 1 59 5 95 56 0 82 5 8 70 12 37 58 72 8 94 94 66 4 38
1 56 10 56 6 8 82 0 9 1 93 6 31 69 86 1 3 15 41 9 8
5 6 6 82 6 76 5 9 0 2 78 85 68 6 65 2 2 46 50 36 7
59 66 62 71 10 5 8 1 2 0 22 41 3 28 3 37 84 73 9 86 71
5 3 42 71 4 66 70 93 78 22 0 68 71 20 4 6 18 7 8 61 75
63 80 6 45 82 17 12 6 85 41 68 0 1 31 48 79 35 37 7 52 6
2 47 31 77 34 7 37 31 68 3 71 1 0 18 4 23 10 84 1 60 29
7 14 70 54 8 6 58 69 6 28 20 31 18 0 7 33 99 1 31 1 51
8 4 10 65 6 10 72 86 65 3 4 48 4 7 0 1 90 74 19 6 54
50 1 83 95 60 8 8 1 2 37 6 79 23 33 1 0 30 59 46 2 13
57 86 27 5 7 34 94 3 2 84 18 35 10 99 90 30 0 22 95 31 28
53 2 3 9 96 24 94 15 46 73 7 37 84 1 74 59 22 0 71 3 60
90 9 3 33 7 5 66 41 50 9 8 7 1 31 19 46 95 71 0 8 36
6 4 67 33 47 72 4 9 36 86 61 52 60 1 6 2 31 3 8 0 10
3 34 6 2 32 47 38 8 7 71 75 6 29 51 54 13 28 60 36 10 0
21
0 56 80 6 68 89 74 73 9 5 7 75 4 9 66 7 9 2 80 1 11
56 0 73 87 7 98 93 7 97 9 10 65 28 47 57 38 36 31 8 88 9
80 73 0 51 56 82 5 13 98 5 2 3 80 5 19 16 7 5 69 9 3
6 87 51 0 2 18 90 30 15 10 1 88 82 40 14 72 29 10 85 4 6
68 7 56 2 0 46 87 7 38 7 4 60 68 44 10 26 29 25 7 10 75
89 98 82 18 46 0 23 4 87 3 5 28 85 7 71 54 2 72 37 83 62
74 93 5 90 87 23 0 88 5 9 69 4 6 5 6 12 57 68 83 5 9
73 7 13 30 7 4 88 0 7 81 98 2 7 59 2 3 98 9 70 2 95
9 97 98 15 38 87 5 7 0 6 82 81 5 86 53 24 68 80 96 10 1
5 9 5 10 7 3 9 81 6 0 85 23 5 99 2 2 6 14 10 53 1
7 10 2 1 4 5 69 98 82 85 0 8 36 64 7 88 67 70 4 93 9
75 65 3 88 60 28 4 2 81 23 8 0 9 2 97 15 29 6 5 5 10
4 28 80 82 68 85 6 7 5 5 36 9 0 24 67 10 10 26 55 26 16
9 47 5 40 44 7 5 59 86 99 64 2 24 0 3 17 84 62 69 2 78
66 57 19 14 10 71 6 2 53 2 7 97 67 3 0 49 39 6 33 100 2
7 38 16 72 26 54 12 3 24 2 88 15 10 17 49 0 3 8 66 99 2
9 36 7 29 29 2 57 98 68 6 67 29 10 84 39 3 0 42 47 80 10
2 31 5 10 25 72 68 9 80 14 70 6 26 62 6 8 42 0 29 13 24
80 8 69 85 7 37 83 70 96 10 4 5 55 69 33 66 47 29 0 6 48
1 88 9 4 10 83 5 2 10 53 93 5 26 2 100 99 80 13 6 0 28
11 9 3 6 75 62 9 95 1 1 9 10 16 78 2 2 10 24 48 28 0
21
0 95 7 75 32 2 11 3 5 15 78 19 5 6 77 44 6 7 95 71 49
95 0 10 73 82 31 4 6 43 19 84 80 1 7 19 69 17 1 4 7 3
7 10 0 33 8 66 99 7 30 7 70 3 77 84 8 70 91 52 78 20 8
75 73 33 0 2 15 2 3 55 12 32 64 25 66 79 10 54 76 96 10 17
32 82 8 2 0 9 8 6 9 7 84 53 92 1 8 82 2 7 7 67 22
2 31 66 15 9 0 3 3 7 48 79 7 54 68 43 3 4 7 7 8 1
11 4 99 2 8 3 0 7 9 6 3 8 16 21 3 8 6 55 10 62 60
3 6 7 3 6 3 7 0 5 1 47 7 25 3 28 2 19 95 10 3 2
5 43 30 55 9 7 9 5 0 13 7 10 8 6 5 34 100 9 5 93 40
15 19 7 12 7 48 6 1 13 0 6 59 6 10 10 5 26 18 10 1 22
78 84 70 32 84 79 3 47 7 6 0 21 92 55 41 12 5 22 91 16 8
19 80 3 64 53 7 8 7 10 59 21 0 63 46 37 8 10 1 80 9 59
5 1 77 25 92 54 16 25 8 6 92 63 0 9 15 3 55 74 4 40 39
6 7 84 66 1 68 21 3 6 10 55 46 9 0 6 93 5 41 37 34 5
77 19 8 79 8 43 3 28 5 10 41 37 15 6 0 2 43 1 32 5 3
44 69 70 10 82 3 8 2 34 5 12 8 3 93 2 0 60 2 26 10 50
6 17 91 54 2 4 6 19 100 26 5 10 55 5 43 60 0 10 6 6 2
7 1 52 76 7 7 55 95 9 18 22 1 74 41 1 2 10 0 35 4 5
95 4 78 96 7 7 10 10 5 10 91 80 4 37 32 26 6 35 0 2 7
71 7 20 10 67 8 62 3 93 1 16 9 40 34 5 10 6 4 2 0 1
49 3 8 17 22 1 60 2 40 22 8 59 39 5 3 50 2 5 7 1 0
21
0 8 82 69 9 44 22 2 79 1 2 5 92 27 8 87 13 7 95 37 7
8 0 5 88 8 1 7 17 7 22 6 78 9 38 3 46 88 28 55 74 4
82 5 0 9 83 36 5 83 40 23 41 55 1 5 7 84 32 83 42 10 8
69 88 9 0 85 10 83 6 1 72 6 6 72 10 9 1 8 2 37 5 66
9 8 83 85 0 34 99 19 22 5 5 4 8 64 3 6 7 74 35 9 60
44 1 36 10 34 0 27 5 75 36 53 2 39 2 18 87 5 25 7 4 3
22 7 5 83 99 27 0 4 1 95 5 5 2 36 2 48 88 87 10 73 3
2 17 83 6 19 5 4 0 1 10 93 4 67 7 3 33 25 73 7 41 5
79 7 40 1 22 75 1 1 0 13 45 1 5 5 5 91 11 5 44 8 63
1 22 23 72 5 36 95 10 13 0 4 5 9 6 83 12 12 76 54 5 2
2 6 41 6 5 53 5 93 45 4 0 10 3 8 9 1 64 81 3 36 94
5 78 55 6 4 2 5 4 1 5 10 0 9 79 78 66 8 3 97 3 1
92 9 1 72 8 39 2 67 5 9 3 9 0 42 5 33 32 4 86 51 2
27 38 5 10 64 2 36 7 5 6 8 79 42 0 63 93 6 16 8 8 2
8 3 7 9 3 18 2 3 5 83 9 78 5 63 0 1 10 54 4 41 1
87 46 84 1 6 87 48 33 91 12 1 66 33 93 1 0 8 1 36 58 7
13 88 32 8 7 5 88 25 11 12 64 8 32 6 10 8 0 3 6 35 5
7 28 83 2 74 25 87 73 5 76 81 3 4 16 54 1 3 0 22 6 5
95 55 42 37 35 7 10 7 44 54 3 97 86 8 4 36 6 22 0 72 7
37 74 10 5 9 4 73 41 8 5 36 3 51 8 41 58 35 6 72 0 13
7 4 8 66 60 3 3 5 63 2 94 1 2 2 1 7 5 5 7 13 0
21
0 93 2 78 10 8 8 1 56 6 31 56 5 7 8 6 14 58 7 4 1
93 0 6 71 91 7 5 6 4 1 62 93 98 8 61 4 67 1 6 9 2
2 6 0 70 5 20 39 8 13 4 62 29 10 5 7 48 7 6 88 19 33
78 71 70 0 11 71 3 7 79 66 24 10 14 8 8 83 4 3 45 1 81
10 91 5 11 0 8 6 67 51 10 3 20 3 2 8 87 35 24 66 4 21
8 7 20 71 8 0 3 5 2 43 9 92 6 28 3 7 46 9 91 12 1
8 5 39 3 6 3 0 52 4 1 14 63 81 9 5 2 12 1 77 8 4
1 6 8 7 67 5 52 0 50 9 45 4 4 36 8 6 10 21 6 53 8
56 4 13 79 51 2 4 50 0 1 10 3 88 9 8 4 4 52 77 48 18
6 1 4 66 10 43 1 9 1 0 73 89 2 38 4 7 68 22 10 8 10
31 62 62 24 3 9 14 45 10 73 0 7 4 52 7 10 7 99 25 6 7
56 93 29 10 20 92 63 4 3 89 7 0 4 5 6 94 50 8 32 4 4
5 98 10 14 3 6 81 4 88 2 4 4 0 6 36 5 3 52 4 6 88
7 8 5 8 2 28 9 36 9 38 52 5 6 0 7 5 4 86 15 1 4
8 61 7 8 8 3 5 8 8 4 7 6 36 7 0 52 7 12 10 8 8
6 4 48 83 87 7 2 6 4 7 10 94 5 5 52 0 2 17 9 4 3
14 67 7 4 35 46 12 10 4 68 7 50 3 4 7 2 0 21 3 85 64
58 1 6 3 24 9 1 21 52 22 99 8 52 86 12 17 21 0 7 3 52
7 6 88 45 66 91 77 6 77 10 25 32 4 15 10 9 3 7 0 6 76
4 9 19 1 4 12 8 53 48 8 6 4 6 1 8 4 85 3 6 0 72
1 2 33 81 21 1 4 8 18 10 7 4 88 4 8 3 64 52 76 72 0
21
0 2 2 7 7 3 3 10 10 67 9 9 9 41 3 64 10 1 10 31 6
2 0 37 51 35 6 9 95 10 10 22 9 22 6 89 71 14 5 7 2 2
2 37 0 9 64 7 1 40 2 58 10 5 1 27 5 10 59 2 2 59 100
7 51 9 0 7 6 33 10 6 6 84 8 4 8 8 8 9 9 79 58 3
7 35 64 7 0 30 5 1 5 2 1 7 3 7 9 10 81 85 26 23 79
3 6 7 6 30 0 56 68 9 99 10 4 1 47 42 2 24 10 73 5 26
3 9 1 33 5 56 0 5 1 1 7 8 10 45 4 1 99 5 5 75 65
10 95 40 10 1 68 5 0 1 92 5 2 64 34 2 9 5 9 4 19 48
10 10 2 6 5 9 1 1 0 1 30 9 6 8 9 3 5 1 90 3 3
67 10 58 6 2 99 1 92 1 0 3 2 1 98 33 85 7 38 94 53 63
9 22 10 84 1 10 7 5 30 3 0 7 5 8 20 88 2 7 1 9 4
9 9 5 8 7 4 8 2 9 2 7 0 3 33 3 1 75 6 8 43 88
9 22 1 4 3 1 10 64 6 1 5 3 0 8 2 50 4 93 5 7 7
41 6 27 8 7 47 45 34 8 98 8 33 8 0 1 43 42 53 10 66 2
3 89 5 8 9 42 4 2 9 33 20 3 2 1 0 1 3 24 2 8 1
64 71 10 8 10 2 1 9 3 85 88 1 50 43 1 0 2 43 75 7 8
10 14 59 9 81 24 99 5 5 7 2 75 4 42 3 2 0 4 3 1 3
1 5 2 9 85 10 5 9 1 38 7 6 93 53 24 43 4 0 4 48 36
10 7 2 79 26 73 5 4 90 94 1 8 5 10 2 75 3 4 0 97 42
31 2 59 58 23 5 75 19 3 53 9 43 7 66 8 7 1 48 97 0 28
6 2 100 3 79 26 65 48 3 63 4 88 7 2 1 8 3 36 42 28 0
21
0 6 46 15 9 1 41 9 18 10 8 15 9 8 5 10 4 10 6 1 2
6 0 1 9 10 49 5 1 30 1 8 9 98 7 7 8 5 2 7 55 41
46 1 0 2 44 9 2 19 6 26 9 1 8 10 6 1 10 36 54 1 2
15 9 2 0 5 10 86 5 4 3 90 10 17 50 6 91 32 6 1 93 2
9 10 44 5 0 8 10 9 6 1 2 8 3 5 3 1 2 9 47 18 57
1 49 9 10 8 0 4 3 9 3 29 9 99 28 3 4 3 3 1 3 12
41 5 2 86 10 4 0 2 8 2 2 1 84 4 1 10 4 73 7 8 48
9 1 19 5 9 3 2 0 10 6 6 33 10 7 5 7 5 1 9 11 57
18 30 6 4 6 9 8 10 0 4 5 40 7 5 2 3 2 5 10 44 6
10 1 26 3 1 3 2 6 4 0 4 5 4 25 7 3 5 1 48 8 1
8 8 9 90 2 29 2 6 5 4 0 81 8 8 62 10 5 14 27 7 5
15 9 1 10 8 9 1 33 40 5 81 0 61 36 100 5 31 90 10 5 4
9 98 8 17 3 99 84 10 7 4 8 61 0 2 5 53 6 44 9 7 3
8 7 10 50 5 28 4 7 5 25 8 36 2 0 7 86 81 24 67 74 87
5 7 6 6 3 3 1 5 2 7 62 100 5 7 0 7 28 5 61 3 59
10 8 1 91 1 4 10 7 3 3 10 5 53 86 7 0 9 5 6 56 7
4 5 10 32 2 3 4 5 2 5 5 31 6 81 28 9 0 7 81 3 4
10 2 36 6 9 3 73 1 5 1 14 90 44 24 5 5 7 0 1 45 52
6 7 54 1 47 1 7 9 10 48 27 10 9 67 61 6 81 1 0 3 5
1 55 1 93 18 3 8 11 44 8 7 5 7 74 3 56 3 45 3 0 3
2 41 2 2 57 12 48 57 6 1 5 4 3 87 59 7 4 52 5 3 0
21
0 47 15 83 5 6 9 47 9 4 3 60 9 3 47 4 50 6 31 1 9
47 0 2 64 76 9 9 95 10 3 81 14 82 5 28 5 2 88 67 1 92
15 2 0 37 9 10 28 3 46 46 22 99 1 10 7 65 7 29 15 78 3
83 64 37 0 32 10 64 5 9 4 8 2 42 44 42 6 8 21 10 9 5
5 76 9 32 0 7 22 82 53 59 56 8 6 73 9 1 3 7 3 7 9
6 9 10 10 7 0 5 35 8 5 27 1 86 7 6 6 7 5 5 10 71
9 9 28 64 22 5 0 5 10 10 24 8 9 6 3 68 1 4 52 9 3
47 95 3 5 82 35 5 0 1 8 6 3 7 17 3 8 9 7 9 10 1
9 10 46 9 53 8 10 1 0 4 9 3 8 89 19 3 2 76 1 9 10
4 3 46 4 59 5 10 8 4 0 3 7 4 3 1 65 7 2 98 90 6
3 81 22 8 56 27 24 6 9 3 0 55 4 8 6 2 4 1 71 3 50
60 14 99 2 8 1 8 3 3 7 55 0 83 8 41 1 96 5 83 10 7
9 82 1 42 6 86 9 7 8 4 4 83 0 42 23 5 5 7 3 6 96
3 5 10 44 73 7 6 17 89 3 8 8 42 0 2 55 8 8 10 8 10
47 28 7 42 9 6 3 3 19 1 6 41 23 2 0 7 1 72 3 8 22
4 5 65 6 1 6 68 8 3 65 2 1 5 55 7 0 9 9 56 3 3
50 2 7 8 3 7 1 9 2 7 4 96 5 8 1 9 0 66 20 6 8
6 88 29 21 7 5 4 7 76 2 1 5 7 8 72 9 66 0 5 20 29
31 67 15 10 3 5 52 9 1 98 71 83 3 10 3 56 20 5 0 7 64
1 1 78 9 7 10 9 10 9 90 3 10 6 8 8 3 6 20 7 0 9
9 92 3 5 9 71 3 1 10 6 50 7 96 10 22 3 8 29 64 9 0
21
0 20 8 10 5 7 9 10 39 8 9 6 6 9 1 3 4 9 3 87 1
20 0 4 6 2 3 2 40 10 28 8 43 9 91 2 9 97 1 78 82 1
8 4 0 10 7 75 3 28 3 14 3 7 4 61 94 27 6 2 10 7 69
10 6 10 0 18 98 10 49 6 3 10 30 7 9 31 20 10 34 10 52 5
5 2 7 18 0 41 52 3 3 3 10 10 5 6 96 6 9 10 4 9 7
7 3 75 98 41 0 52 45 51 99 45 6 1 85 1 46 10 4 58 3 9
9 2 3 10 52 52 0 10 5 21 10 7 100 4 9 4 85 9 24 38 9
10 40 28 49 3 45 10 0 1 4 8 4 24 24 5 10 46 2 45 88 8
39 10 3 6 3 51 5 1 0 3 10 9 5 84 10 8 63 5 3 13 46
8 28 14 3 3 99 21 4 3 0 7 7 5 47 1 38 7 4 68 81 5
9 8 3 10 10 45 10 8 10 7 0 4 77 8 19 19 9 60 4 2 3
6 43 7 30 10 6 7 4 9 7 4 0 4 8 5 86 2 1 3 3 10
6 9 4 7 5 1 100 24 5 5 77 4 0 10 4 4 93 7 4 10 7
9 91 61 9 6 85 4 24 84 47 8 8 10 0 4 1 94 8 4 81 1
1 2 94 31 96 1 9 5 10 1 19 5 4 4 0 7 5 88 5 3 2
3 9 27 20 6 46 4 10 8 38 19 86 4 1 7 0 78 33 25 6 9
4 97 6 10 9 10 85 46 63 7 9 2 93 94 5 78 0 8 9 2 4
9 1 2 34 10 4 9 2 5 4 60 1 7 8 88 33 8 0 7 5 8
3 78 10 10 4 58 24 45 3 68 4 3 4 4 5 25 9 7 0 7 5
87 82 7 52 9 3 38 88 13 81 2 3 10 81 3 6 2 5 7 0 8
1 1 69 5 7 9 9 8 46 5 3 10 7 1 2 9 4 8 5 8 0
21
0 67 69 8 10 51 4 68 60 95 69 2 6 1 5 4 25 45 66 3 89
67 0 5 70 9 7 23 10 14 34 1 10 10 79 7 6 83 37 69 6 9
69 5 0 9 9 1 7 67 3 2 1 63 70 9 8 61 46 3 4 8 1
8 70 9 0 10 9 2 8 18 5 6 1 1 2 4 7 9 1 7 4 91
10 9 9 10 0 45 15 25 93 7 9 89 7 10 9 4 35 5 8 6 1
51 7 1 9 45 0 1 10 5 7 5 5 7 7 4 1 8 39 10 95 8
4 23 7 2 15 1 0 57 3 8 93 4 1 2 8 9 38 1 21 8 2
68 10 67 8 25 10 57 0 6 10 9 5 41 36 58 2 8 3 9 8 79
60 14 3 18 93 5 3 6 0 5 9 4 4 2 10 5 7 94 2 4 2
95 34 2 5 7 7 8 10 5 0 8 34 44 35 8 9 2 33 87 72 10
69 1 1 6 9 5 93 9 9 8 0 10 88 2 18 7 2 11 7 7 5
2 10 63 1 89 5 4 5 4 34 10 0 41 2 5 9 6 9 74 7 9
6 10 70 1 7 7 1 41 4 44 88 41 0 37 5 16 5 5 85 6 31
1 79 9 2 10 7 2 36 2 35 2 2 37 0 2 15 3 9 6 8 2
5 7 8 4 9 4 8 58 10 8 18 5 5 2 0 7 3 7 54 14 10
4 6 61 7 4 1 9 2 5 9 7 9 16 15 7 0 51 43 37 4 3
25 83 46 9 35 8 38 8 7 2 2 6 5 3 3 51 0 3 10 10 61
45 37 3 1 5 39 1 3 94 33 11 9 5 9 7 43 3 0 78 9 6
66 69 4 7 8 10 21 9 2 87 7 74 85 6 54 37 10 78 0 2 1
3 6 8 4 6 95 8 8 4 72 7 7 6 8 14 4 10 9 2 0 3
89 9 1 91 1 8 2 79 2 10 5 9 31 2 10 3 61 6 1 3 0
21
0 10 46 6 64 8 27 10 7 10 6 5 7 50 3 2 82 7 9 7 9
10 0 8 7 10 6 9 5 2 3 1 79 6 8 8 5 97 4 4 8 1
46 8 0 63 73 59 82 1 1 3 6 3 68 2 6 1 3 5 2 5 7
6 7 63 0 7 3 1 10 2 10 7 2 7 60 1 5 52 5 15 4 7
64 10 73 7 0 38 7 73 1 9 9 10 7 68 9 4 4 2 82 65 8
8 6 59 3 38 0 9 3 4 11 8 15 9 95 10 30 8 42 9 6 9
27 9 82 1 7 9 0 3 58 1 5 3 10 56 8 3 10 6 42 3 4
10 5 1 10 73 3 3 0 5 1 2 5 8 9 7 1 82 4 43 6 13
7 2 1 2 1 4 58 5 0 3 10 4 6 7 5 6 58 3 3 2 59
10 3 3 10 9 11 1 1 3 0 8 5 6 3 2 3 9 34 4 8 52
6 1 6 7 9 8 5 2 10 8 0 10 3 8 9 1 3 72 33 9 24
5 79 3 2 10 15 3 5 4 5 10 0 10 57 1 19 1 1 10 7 5
7 6 68 7 7 9 10 8 6 6 3 10 0 10 54 79 6 7 69 76 4
50 8 2 60 68 95 56 9 7 3 8 57 10 0 2 8 3 3 13 8 1
3 8 6 1 9 10 8 7 5 2 9 1 54 2 0 3 59 1 9 1 8
2 5 1 5 4 30 3 1 6 3 1 19 79 8 3 0 5 1 10 40 8
82 97 3 52 4 8 10 82 58 9 3 1 6 3 59 5 0 70 83 4 3
7 4 5 5 2 42 6 4 3 34 72 1 7 3 1 1 70 0 43 27 8
9 4 2 15 82 9 42 43 3 4 33 10 69 13 9 10 83 43 0 9 8
7 8 5 4 65 6 3 6 2 8 9 7 76 8 1 40 4 27 9 0 6
9 1 7 7 8 9 4 13 59 52 24 5 4 1 8 8 3 8 8 6 0
21
0 2 8 10 2 5 6 3 2 9 4 5 5 2 41 8 5 8 5 7 6
2 0 5 29 8 5 85 7 8 8 19 6 6 9 98 4 3 10 9 10 9
8 5 0 1 88 8 5 9 4 3 9 9 8 2 6 4 100 10 4 6 7
10 29 1 0 8 6 6 8 8 7 3 5 7 5 1 75 4 3 2 10 32
2 8 88 8 0 3 92 8 92 64 7 18 2 4 5 9 3 4 9 2 1
5 5 8 6 3 0 22 3 7 94 1 6 8 20 7 32 46 31 6 6 1
6 85 5 6 92 22 0 3 13 9 36 27 2 7 80 6 5 8 9 1 9
3 7 9 8 8 3 3 0 7 5 5 3 67 8 10 23 1 6 8 6 9
2 8 4 8 92 7 13 7 0 5 6 4 1 17 4 10 5 1 5 6 4
9 8 3 7 64 94 9 5 5 0 7 3 10 6 5 6 6 6 8 2 2
4 19 9 3 7 1 36 5 6 7 0 73 4 8 65 9 8 8 9 2 78
5 6 9 5 18 6 27 3 4 3 73 0 8 6 10 8 6 3 6 4 70
5 6 8 7 2 8 2 67 1 10 4 8 0 30 1 2 97 7 63 4 3
2 9 2 5 4 20 7 8 17 6 8 6 30 0 6 2 6 57 5 10 2
41 98 6 1 5 7 80 10 4 5 65 10 1 6 0 9 7 8 10 5 6
8 4 4 75 9 32 6 23 10 6 9 8 2 2 9 0 9 10 8 9 6
5 3 100 4 3 46 5 1 5 6 8 6 97 6 7 9 0 13 5 6 7
8 10 10 3 4 31 8 6 1 6 8 3 7 57 8 10 13 0 1 5 3
5 9 4 2 9 6 9 8 5 8 9 6 63 5 10 8 5 1 0 75 10
7 10 6 10 2 6 1 6 6 2 2 4 4 10 5 9 6 5 75 0 1
6 9 7 32 1 1 9 9 4 2 78 70 3 2 6 6 7 3 10 1 0
21
0 6 3 10 5 7 10 20 7 58 1 1 9 27 8 5 5 1 6 9 5
6 0 10 9 7 6 42 4 9 10 3 4 8 3 4 5 9 3 4 4 10
3 10 0 1 11 2 9 38 4 6 4 7 18 3 8 3 4 2 64 6 81
10 9 1 0 2 5 38 6 1 5 3 8 6 6 4 4 63 5 7 45 3
5 7 11 2 0 78 2 10 8 9 7 4 1 7 4 9 10 3 7 4 10
7 6 2 5 78 0 10 4 3 6 4 1 3 9 6 5 3 6 10 4 17
10 42 9 38 2 10 0 5 22 1 10 5 2 8 8 9 87 4 4 5 2
20 4 38 6 10 4 5 0 2 33 3 8 3 5 5 7 1 8 7 7 5
7 9 4 1 8 3 22 2 0 5 6 2 1 2 1 3 10 5 5 10 8
58 10 6 5 9 6 1 33 5 0 8 9 9 2 7 6 8 6 65 99 8
1 3 4 3 7 4 10 3 6 8 0 5 5 98 7 10 3 4 94 8 2
1 4 7 8 4 1 5 8 2 9 5 0 6 6 5 1 5 10 4 6 3
9 8 18 6 1 3 2 3 1 9 5 6 0 2 6 3 2 63 9 8 6
27 3 3 6 7 9 8 5 2 2 98 6 2 0 3 2 9 10 9 1 9
8 4 8 4 4 6 8 5 1 7 7 5 6 3 0 9 6 1 5 3 10
5 5 3 4 9 5 9 7 3 6 10 1 3 2 9 0 7 5 10 10 10
5 9 4 63 10 3 87 1 10 8 3 5 2 9 6 7 0 2 6 98 10
1 3 2 5 3 6 4 8 5 6 4 10 63 10 1 5 2 0 7 6 6
6 4 64 7 7 10 4 7 5 65 94 4 9 9 5 10 6 7 0 1 1
9 4 6 45 4 4 5 7 10 99 8 6 8 1 3 10 98 6 1 0 3
5 10 81 3 10 17 2 5 8 8 2 3 6 9 10 10 10 6 1 3 0
21
0 3 5 10 37 3 4 5 5 8 8 42 9 2 6 7 10 10 1 5 6
3 0 8 5 3 4 6 4 9 5 3 5 8 6 6 3 5 2 5 5 6
5 8 0 43 9 6 3 88 8 10 3 3 84 98 2 7 1 10 8 2 8
10 5 43 0 7 81 2 4 7 2 9 5 4 10 5 6 9 2 3 7 4
37 3 9 7 0 3 6 2 5 6 6 10 6 1 9 7 65 10 5 5 4
3 4 6 81 3 0 6 10 56 3 7 11 7 9 10 9 1 2 6 8 17
4 6 3 2 6 6 0 3 5 2 3 4 1 8 57 7 9 9 10 9 10
5 4 88 4 2 10 3 0 2 5 8 4 9 2 9 1 20 9 7 8 8
5 9 8 7 5 56 5 2 0 1 10 6 10 94 8 1 3 8 4 4 5
8 5 10 2 6 3 2 5 1 0 4 6 69 10 4 4 8 10 5 57 1
8 3 3 9 6 7 3 8 10 4 0 98 4 1 10 9 1 3 8 5 3
42 5 3 5 10 11 4 4 6 6 98 0 10 3 2 5 4 3 9 9 3
9 8 84 4 6 7 1 9 10 69 4 10 0 10 10 4 9 10 4 2 7
2 6 98 10 1 9 8 2 94 10 1 3 10 0 5 8 7 8 9 8 9
6 6 2 5 9 10 57 9 8 4 10 2 10 5 0 9 2 42 60 4 3
7 3 7 6 7 9 7 1 1 4 9 5 4 8 9 0 1 5 8 10 7
10 5 1 9 65 1 9 20 3 8 1 4 9 7 2 1 0 2 9 8 47
10 2 10 2 10 2 9 9 8 10 3 3 10 8 42 5 2 0 7 10 6
1 5 8 3 5 6 10 7 4 5 8 9 4 9 60 8 9 7 0 4 4
5 5 2 7 5 8 9 8 4 57 5 9 2 8 4 10 8 10 4 0 10
6 6 8 4 4 17 10 8 5 1 3 3 7 9 3 7 47 6 4 10 0
